0.5000
0.4991
0.6292
0.5292
0.5221
0.4706
0.6440
0.4043
0.0837
0.7244
0.5527
0.4742
0.4388
0.5816
0.6008
0.4296
0.5708
0.3299
0.3661
0.3489
0.6954
0.2232
0.5778
0.4547
0.4606
0.3631
0.5467
0.3545
0.5112
0.8043
0.4340
0.7871
0.4746
0.6228
0.6181
0.4685
0.5718
0.6599
0.4041
0.4886
0.5678
0.8085
0.4365
0.3912
0.5354
0.4114
0.5353
0.5437
0.4656
0.4941
0.5561
0.6020
0.6097
0.6536
0.5322
0.3165
0.4065
0.6398
0.3894
0.5210
0.4947
0.5772
0.4985
0.4658
0.5673
0.4046
0.5220
0.5848
0.7131
0.3257
0.4781
0.5400
0.1350
0.4949
0.5474
0.5503
0.4986
0.5448
0.2958
0.1198
0.5650
0.2937
0.4539
0.5666
0.3561
0.0890
0.5960
0.5174
0.4757
0.7357
0.4165
0.3385
0.6130
0.5387
0.6951
0.3719
0.5244
0.8110
0.6603
0.1421
0.6174
0.4288
0.4830
0.5732
0.3819
0.3616
0.3547
0.3960
0.5318
0.6901
0.6757
0.4031
0.6237
0.5630
0.4780
0.2907
0.7680
0.5130
0.6849
0.3789
0.2360
0.2365
0.3705
0.8160
0.2278
0.5712
0.4728
0.5882
0.5477
0.5247
0.2445
0.7319
0.3873
0.3355
0.6874
0.4609
0.4261
0.7343
0.8936
0.3207
0.3784
0.4644
0.6901
0.4111
0.5862
0.4046
0.6190
0.4903
0.5872
0.3926
0.4791
0.5580
0.4553
0.3031
0.6578
0.3799
0.5732
0.6640
0.6050
0.5934
0.5654
0.2763
0.5379
0.6583
0.4770
0.3396
0.6264
0.5241
0.5028
0.7940
0.5185
0.4005
0.4685
0.5657
0.6288
0.5626
0.5078
0.5005
0.5584
0.2856
0.5315
0.9026
0.7026
0.3728
0.3442
0.5603
0.5406
0.5340
0.5232
0.4589
0.3541
0.2467
0.2689
0.7207
0.4811
0.6298
0.4611
0.2510
0.3562
0.5901
0.4718
0.9543
0.5046
0.3967
0.5892
0.4560
0.5401
0.4108
0.5442
0.3064
0.5021
0.7530
0.7361
0.3860
0.5233
0.4387
0.3934
0.8319
0.5754
0.5601
0.4440
0.4241
0.5363
0.3891
0.6370
0.6142
0.4768
0.3688
0.6974
0.2847
0.5614
0.5827
0.0000
0.5698
0.3849
0.4122
0.3318
0.9763
0.3679
0.3814
0.6252
0.6284
0.4679
0.4612
0.5151
0.5359
0.6206
0.4272
0.2629
0.5731
0.4681
0.6148
0.5108
0.3702
0.5283
0.3439
0.5072
0.5988
0.4772
0.4274
0.4078
0.3442
0.4827
0.4824
0.5166
0.4939
0.5759
0.4786
0.4523
0.4853
0.5077
0.4909
0.4979
0.4951
0.5110
0.4950
0.5088
0.5181
0.4901
0.4998
0.4936
0.5048
0.4963
0.5004
0.4996
0.5008
0.5000
0.5000
0.5000
0.5000
0.5000
